$ANSIBLE_VAULT;1.1;AES256
31623431393236366534353539626365633434373266393838303739346566623034653934343639
3666653863636133653734633030326262376433336564390a376133323361303838643537633635
34653737663639656463633466633436643339356337313533613230363439646637393232366332
3364643638623932380a646630373063623335623565373837656266623530396565383461376466
33386632636439613339393435633337373839656432306561303861383936393261353831663762
32353634643861353335376262336234393436363638313430393539353933326437346262653832
36633935313834346165373132323337373664613263376335336431316266643431343536613265
30626533613933323938623866303935323666636338656665376564666333383035396639306235
36613133323632656366666131356138613634356438363064363936333262323531303461323431
64346439306464313035383639646537626330336236306662663562386131383364363438366430
61623333653034333038636665646339333535393437643638323332333261343065373835396465
61393065636233386165323535323162633034343639313035316534396436376338303138653062
32303137336163646432656235303438333661646265323433323837666663643935393961333435
30626266633139633437313165666437333936316634663662663566613730303939396232323636
63353031393561653133373738653331386237333739656130633266636139333239653661663833
63613539646465393038376538333965383532336565363636616539643132313364663938616335
39643062333835303332646136383030643939393862613836306538393336383365356630623562
31663332643234333363363132393764326132653437663031313730376334623063666435613861
30383233313136303636306165613839373365633364623735363464623932313138633936383537
33393133636133313163326432623361383630646163643336393861383834313463363335393130
35623230356337313531633638373166323532373865656162653937316130323534363137353936
30363466646561366338323535653939643462333365646131356235616432393831653461356131
64393263396365653564653761336231303864653931303231646466656631643430623436356331
32633437313238313235323138663966636362373762373636366663333966643332613265393632
62613166303865383637303535663631373065626638366335326264663231323530
