$ANSIBLE_VAULT;1.1;AES256
65633363386430653436396133323261386466626361396638663635613632376430633362373865
6633623062633266313439633261363562646162343565330a313736373464666331336131366163
64343530303764666563323930663831633335333530383137323966366463386435353461623162
3333623831306662370a613439346631376464613536303763663835623064346430663966376462
33613731383934316132316631666165393439656666393631613062303065363236633062366236
66333438613064353363336532646233343963646135353538316234646464353533616337616530
37636438333633633437363737646235343036643235623639333933306263623064616533326438
38366464633333663938323032393034353764306137633238393763386666623562336264626335
37336266653639666431613331616265323531373933616362363666653466343062363432363134
31356164333864653436393234353835386433633163346630626164303933383837613637613266
65613964336635303034666330663064353066616634303235393930363762333562396330666436
33306430346434386262323365313631396432383765343130353166393137306331386166346236
37646561363065663534386535333764353031666239313466303738333762396432363735326236
36346561313363656439306530396333376266613832643234336465363761303839626330383437
35376664626661343135623037376130316439613266353539616138623163373666363864666137
63306263613438326237666332393966303665343133623634356632396338333564326631393030
38616539386236356361386663346162363661623331383034383362373030323234646538616530
63626264336537633937393338633965643131653936663433303365396237383938313965633030
31343031366231613134373365663231663466376261383866343166336461363662376439386461
34393564343833363031323362623662323735653532373633666462303064616665633831363037
64636163386239626530666635336335646337343134363163616131353839613861303232613831
61343430613132373230303733353339393337366530353663373764383433626565636137346130
61303763636163663530316131633763656536656239656338646138643964313336376537333532
39363931346533313435666431356133323634336538396336373738353432353930343363303738
34326337613464336465306462303939363162633932393837363062303036636666613966393266
31623266363234363464396630396131366530343032653037383663383632663938396264633466
64336437303331343739643062356363393339646332363139356464663334383036346639363635
64386531346337653264376666393430316237363237323431383439626538373066363266336630
3630
