$ANSIBLE_VAULT;1.1;AES256
61663466383462303464366331623961333237333865373635323862373065373865363035643832
6232623931616464663232383933363539393363653431630a643636626362373461636336393264
61393264323634316439393233623536303263653439626161353631373536643138613139306566
3164376137366636620a663661353237636364336363333463303338336634623131633264646639
33313931626462653633343566303534653037653561383536376638623137373064383535626633
30633161326637376532613431616635393261366337643330623138346335363062376436353233
64333436623261623162383063633439363162626639353464383534373662366439303636316639
64383066663336316136366664306432636433643934663035363231376436386131623564356561
35626561373364643262663337333966616165346635363935386135373439656564626634346664
37636231356666326138336330623631653765393165376164626531633162633666316665666430
31333236336430643933306665393733326639653563366437393065396430386633356530356564
66643038613732386632
