$ANSIBLE_VAULT;1.1;AES256
61383436313964633933373062313035373863313336336334366632633538653732373730383638
3037656461383666646364656131303439343530643334610a316361313338306433346132666235
61346332366266366230373931373163616438656330333839393631303733363563333533313834
3864366564303764660a656335323337313833646463373361376533356538346634613461343531
35343863646464346163663965393464646338366666306334613437336237353038306463383037
32613232636265303662633866623431386636633766616265623839613431613438343030353330
38666436306237373166353133613466333439616266353438306537336131306230633936316562
37383666363862626634663263646236383163313065316132333466343232313232383362376264
39353331663335356236643938646239386261306132633633613862323865613636343766333136
62643864336364386132346133623162376138356234306430646661656265333664303837316533
63313361613265623937646131633864336565323032376261666565396633396535616335636632
63626139313362346631373064636330306364306638373239346530323632333330373634323431
62616135306134663535623263323131636365363363363838316162393264663363343561366333
36643331363331353637663638366434326439323431616564626237643366323837353462626161
646365376133373866313135383462613433
