$ANSIBLE_VAULT;1.1;AES256
31313336623438666537366132643863396265623864383761396364316566376339383336656262
3037323631306437333562646131373362366632656638620a383437386230633633633332316133
65633534323438333462643531656265653838653463666231303932356533376133653636663865
3532323263663136380a353966326434306336316365653265386638376461653961633565303064
32653537633433616564666236363138333866613334393531366339373862393466363331346565
66373766616539316331313862616464666337323534353332656237633231636333343361383563
38663634643439336533393531666639396534373933616130633664616166393464626262656134
32393265396430623062336238646364353964373132396665373335343765363534636330366232
31306434626163353735663033303661636239373636663636376530653439303263666538316333
34366330366331613336613938383734306637663961303165346266323739663334333561616434
37336538636234626138396231326439653033313563646435336365613333343163326130376335
39396363646665313566
